PX4_HOME_LAT=0.000000000000000
PX4_HOME_LON=0.000000000000000
PX4_HOME_ALT=0.0